0.1495815
0.1327478
0.1324333
0.1481428
0.1481436
0.1482787
0.1247487
0.1247479
0.1247592
0.1247196
0.1247365
0.1424529
0.1424782
0.1424806
0.142484
0.142453
0.1424810
0.1424663
0.1424869
0.1424867
0.1424887
0.1424918
0.1424943
0.1247115
0.1424529
0.1424564
0.1424610
0.1424242
0.1424669
0.1424704
0.1602253
0.1602116
0.1602101
0.1602247
0.1602338
0.1602247
0.1602323
0.1602232
0.1602223
0.1602211
0.1602340
0.1602197
0.1602586
0.1602587
0.1602585
0.1602317
0.1602297
0.1602308
0.1602288
0.1602405
0.1602336
0.1793716
0.1581415
0.1574615
0.1582105
0.1768033
0.1775600
0.1767629
0.1772753
0.1517089
0.1517270
0.1516455
0.1516718
0.1516806
0.1517122
0.1732583
0.1732994
0.1733580
0.1733656
0.1732541
0.1732915
0.1732952
0.1733091
0.1733419
0.1733470
0.1515685
0.1516072
0.1516842
0.1732450
0.1732511
0.1732396
0.1732996
0.1732416
0.173247
0.1732486
0.1732070
0.1732774
0.1732869
0.1732999
0.1733728
0.1732608
0.1733494
0.1949143
0.194889
0.1949505
0.1949465
0.1949417
0.1949136
0.1948889
0.1949411
0.1949225
0.1950549
0.1950177
0.1949427
0.1949376
0.1950562
0.1949951
0.1949059
0.1949045
0.1949382
0.1949208
0.1949175
0.1949784
0.1949652
0.1547153
0.1371319
0.1367693
0.1368587
0.1529833
0.1532849
0.1530985
0.1531558
0.1293499
0.1293614
0.1293161
0.1293335
0.1293255
0.1477022
0.1477310
0.1477484
0.1477522
0.1477569
0.1477131
0.1477351
0.1477373
0.1477197
0.1477399
0.1477477
0.1477452
0.1292841
0.1293037
0.1293125
0.1477067
0.1476987
0.1476856
0.1477235
0.1477107
0.1477144
0.1476720
0.1477135
0.1477193
0.1477113
0.1477364
0.1476763
0.1477242
0.1661245
0.1661102
0.1661365
0.1661322
0.1661216
0.1661348
0.1661771
0.1661583
0.1661423
0.1661404
0.1661386
0.1661726
0.1661723
0.1661471
0.1661486
0.1661535
0.1661533
0.1661415
0.1661339
0.1661308
0.1661317
0.1661408
0.1661343
0.1661683
0.1661483
0.1661351
0.1661382
