0.1837472
0.1612861
0.1604969
0.1859180
0.1867935
0.1864338
0.1607162
0.1862308
0.1468569
0.1467903
0.1468584
0.1759860
0.1760320
0.1761076
0.1761146
0.1760403
0.1760845
0.1469070
0.1760154
0.1760514
0.1467837
0.175977
0.1759831
0.1759634
0.1760299
0.1759129
0.1760058
0.1469001
0.176002
0.1760071
0.2052559
0.2052881
0.2052842
0.2052804
0.2052569
0.1759849
0.2052751
0.205256
0.2054236
0.2054199
0.2053509
0.1760743
0.2053044
0.2053012
0.2053179
0.2052980
0.1759259
0.2053504
0.1588102
0.1410531
0.1404129
0.1616565
0.1615152
0.1498391
0.1498349
0.1497926
0.1498772
0.1498484
0.1498447
0.1498637
0.1498183
0.1498119
0.1497995
0.1497630
0.125
0.1746467
0.1746187
0.1746412
0.1746124
0.1746088
0.1746139
0.1746110
0.1746351
0.1746035
0.1745990
0.1746035
0.1534397
0.1527093
0.177017
0.1774653
0.1770087
0.1777564
0.1535183
0.1769697
0.1387361
0.1388365
0.1387347
0.1387803
0.1388126
0.166263
0.1663404
0.1663082
0.1663145
0.1663547
0.1663516
0.1662611
0.1663120
0.1663659
0.1387932
0.1662572
0.1663035
0.1663050
0.1663095
0.1387635
0.1662502
0.1662007
0.1662849
0.1662545
0.1662289
0.1388207
0.1662510
0.1662591
0.1939539
0.1938926
0.1939242
0.1940599
0.1939718
0.1939713
0.1939310
0.1939487
0.1940581
0.1663580
0.1939297
0.1939469
0.1939200
0.1939219
0.1939523
0.1663137
0.1939226
0.1938927
0.1663820
0.1939447
0.1662666
0.1939151
0.1939146
0.1939132
0.1588239
0.1407184
0.1408772
0.1615152
0.1616923
0.1618404
0.1414299
0.1620786
0.1498014
0.1498097
0.1498119
0.1498183
0.1498099
0.1498190
0.1498255
0.1497926
0.149805
0.1498152
0.1498553
0.1498598
0.1498556
0.1498236
0.1498547
0.1498593
0.1497630
0.1497800
0.1497986
0.1498603
0.1746124
0.1746088
0.1746035
0.1745990
0.1746139
0.1746110
0.1498637
0.1746412
0.1746351
0.1746537
0.1746127
0.1746478
0.1746147
0.1746258
0.1746542
0.1746274
0.1498667
0.174648
0.1746421
0.1746616
0.1498702
0.1746489
0.1500060
0.1747601
0.1837463
0.1606042
0.1604561
0.1612732
0.1867333
0.1863316
0.1859176
0.1468243
0.1469154
0.1468913
0.1468823
0.1759684
0.1760432
0.1760188
0.1759274
0.1760241
0.1759855
0.1759801
0.1468093
0.1759491
0.1760000
0.1468570
0.1760988
0.1760267
0.1760725
0.1760321
0.1760625
0.1761067
0.2054213
0.2053220
0.2053842
0.20532
0.2052802
0.2052850
0.2053012
0.2052794
0.2052842
0.205256
0.2053810
0.2052764
0.166333
0.1464297
0.1471472
0.1477174
0.1470766
0.1468252
0.1690121
0.1693778
0.1688114
0.1689505
0.1689765
0.1689925
0.1688627
0.1692795
0.1576018
0.1576407
0.1575961
0.1315533
0.1575637
0.1576430
0.1576018
0.1575601
0.1576064
0.157702
0.1576510
0.1576492
0.1315688
0.1576449
0.1576782
0.1577205
0.1577048
0.1576226
0.1575909
0.1575972
0.1576564
0.1576226
0.1576961
0.1575449
0.1576246
0.1576576
0.1576160
0.1576865
0.1316231
0.1578448
0.1575472
0.1576965
0.1576590
0.1577096
0.1574902
0.1315612
0.1576430
0.1576919
0.1576902
0.157616
0.1576801
0.1576829
0.1576428
0.1576087
0.1576545
0.1576636
0.1576345
0.1576407
0.1576377
0.1838057
0.1837869
0.1837836
0.1837455
0.1837414
0.1837557
0.1837807
0.1837824
0.1838905
0.1837713
0.183769
0.1837755
0.1837798
0.1838049
0.1838008
0.1838949
0.1837840
0.1837777
0.1837700
0.1837422
0.1837413
0.1837769
0.1837686
0.1837463
0.1837558
0.1837800
0.1837508
