0.1664679
0.1467007
0.1723795
0.1561689
0.1561660
0.1562003
0.1561278
0.1871800
0.1871477
0.1871813
0.1871511
0.1995419
0.1731561
0.2059586
0.2059369
0.1538615
0.1537363
0.153817
0.1917834
0.1918647
0.1918771
0.1918873
0.1917737
0.1918710
0.2302024
0.2301208
0.2301141
0.2301979
0.2301251
0.1871643
0.1934222
0.1641604
0.1938651
0.2137660
0.2137507
0.1783089
0.2138770
0.2137853
0.2137729
0.1781419
0.1782418
0.1782571
0.1783624
0.2138818
0.2138096
0.1762210
0.1820984
0.182614
0.154955
0.182282
0.1827216
0.1830388
0.1825088
0.1826385
0.1995419
0.1995728
0.1995793
0.1664613
0.1995717
0.1995990
0.1996027
0.1664994
0.1665107
0.1996232
0.1997249
0.1997244
0.1666176
0.1664366
0.1996040
0.1665293
0.1665074
0.1665387
0.1665598
0.1664995
0.1665318
0.1996097
0.1997227
0.1996269
0.1996302
0.1996215
0.1996955
0.1666622
0.1996933
0.1762061
0.154955
0.1553773
0.1543892
0.1824899
0.1825088
0.1820984
0.1820570
0.1665387
0.1664613
0.1665074
0.1665318
0.1665598
0.1665107
0.1664995
0.1666544
0.1666622
0.1664994
0.1665293
0.1664632
0.1664829
0.1664523
0.1996955
0.1995990
0.1995728
0.1995925
0.1996027
0.1995717
0.1996215
0.1995793
0.1995419
0.1995793
0.1736027
0.173775
0.1723137
0.1744604
0.2064167
0.2062738
0.2076205
0.2061282
0.2059586
0.1918929
0.1918771
0.1918647
0.1917791
0.1537363
0.1919839
0.1919180
0.1919264
0.1919073
0.1917834
0.1538324
0.1920236
0.1920299
0.1919216
0.1539289
0.1917998
0.1918063
0.1916837
0.1919665
0.1919516
0.1920764
0.1918873
0.2302095
0.2301449
0.2302618
0.2302974
0.2302485
0.2302024
0.2301208
0.2301251
0.2302224
0.2301979
0.2307145
0.2302902
0.2301141
0.1871813
0.1641633
0.1644499
0.1640394
0.1661003
0.1934222
0.1937577
0.1940314
0.1933348
0.1937098
0.1949694
0.1782084
0.1783315
0.1782571
0.1783089
0.1784745
0.1782418
0.1783279
0.1783442
0.1783151
0.1783525
0.1782891
0.1783254
0.1783157
0.1784685
0.1784028
0.1784283
0.1784260
0.1782412
0.1784397
0.1782748
0.1783856
0.1784418
0.1781419
0.1790823
0.2137853
0.2137729
0.2137660
0.2137507
0.2138770
0.2138812
0.2137832
0.2137487
0.2137687
0.2138575
0.2138519
0.2138013
0.2138580
0.2143803
