0.1465849
0.1301463
0.1298341
0.1437501
0.1438850
0.1437493
0.1424351
0.1424110
0.1423983
0.1423722
0.1423665
0.1424062
0.1601112
0.1601572
0.1601680
0.1601349
0.160202
0.1602159
0.1601985
0.1601258
0.1601456
0.1601631
0.1601600
0.1546539
0.1423554
0.1423849
0.1423796
0.1423046
0.1423291
0.1423633
0.1423925
0.160105
0.1600794
0.1600983
0.1601198
0.1601402
0.1601585
0.1601751
0.1601658
0.1601128
0.1601114
0.1600923
0.160125
0.1601205
0.1601179
0.1601363
0.1601350
0.1601282
0.1601246
0.1601345
0.1601631
0.1546207
0.1422417
0.1423445
0.1600649
0.1600758
0.1600889
0.1600815
0.1600512
0.1600764
0.1601116
0.1600760
0.1600753
0.1600841
0.1600887
0.1545761
0.1423990
0.1601104
0.1601266
0.1601380
0.1601500
0.1601770
0.1601912
0.1600830
0.1601042
0.1601259
0.1601446
0.1601342
0.1601735
0.1546299
0.1778697
0.1778732
0.1778976
0.1779119
0.1778661
0.1778703
0.1717525
0.1779198
0.1778812
0.1778878
0.1779235
0.1779365
0.1779165
0.1778757
0.1778824
0.1779179
0.1778919
0.1778697
0.1778781
0.1778823
0.1778846
0.1778744
0.1778840
0.1779367
0.1779186
0.1717705
0.1778987
0.1779347
0.1779514
0.1778896
0.1779242
0.1778809
0.1778936
0.1779451
0.1717828
0.1780268
0.1779701
0.1779079
0.1779092
0.1779295
0.1779244
0.1779099
0.1779112
0.1779274
0.1779414
0.1780321
0.1779700
0.1718107
0.1779238
0.1779435
0.1718254
0.1778948
0.1779026
0.1779030
0.1778733
0.1778655
0.1778779
0.1778763
0.1717636
0.1779133
0.1778884
0.1778893
0.171778
0.1660657
0.1660657
0.1471506
0.14674
0.1461759
0.1468425
0.1622109
0.1624312
0.1625935
0.1629476
0.1631666
0.1623562
0.1625378
0.1424351
0.1424110
0.1423983
0.1423722
0.1423665
0.1424062
0.1601112
0.1601572
0.1601680
0.1601349
0.160202
0.1602159
0.1601985
0.1601258
0.1601456
0.1601631
0.1601600
0.1423554
0.1423849
0.1423796
0.1423046
0.1423291
0.1423633
0.1423925
0.160105
0.1600794
0.1600983
0.1601198
0.1601402
0.1601585
0.1601751
0.1601658
0.1601128
0.1601114
0.1600923
0.160125
0.1601205
0.1601179
0.1601363
0.1601350
0.1601282
0.1601246
0.1601345
0.1601631
0.1422417
0.1423445
0.1600649
0.1600758
0.1600889
0.1600815
0.1600512
0.1600764
0.1601116
0.1600760
0.1600753
0.1600841
0.1600887
0.1423990
0.1601104
0.1601266
0.1601380
0.1601500
0.1601770
0.1601912
0.1600830
0.1601042
0.1601259
0.1601446
0.1601342
0.1601735
0.1778697
0.1778732
0.1778976
0.1779119
0.1778661
0.1778703
0.1779198
0.1778812
0.1778878
0.1779235
0.1779365
0.1779165
0.1778757
0.1778824
0.1779179
0.1778919
0.1778697
0.1778781
0.1778823
0.1778846
0.1778744
0.1778840
0.1779367
0.1779186
0.1778987
0.1779347
0.1779514
0.1778896
0.1779242
0.1778809
0.1778936
0.1779451
0.1780268
0.1779701
0.1779079
0.1779092
0.1779295
0.1779244
0.1779099
0.1779112
0.1779274
0.1779414
0.1780321
0.1779700
0.1779238
0.1779435
0.1778948
0.1779026
0.1779030
0.1778733
0.1778655
0.1778779
0.1778763
0.1779133
0.1778884
0.1778893
0.1660343
0.1463579
0.1463433
0.1621745
0.1621808
0.1621664
0.1423256
0.142343
0.1423343
0.1423509
0.1423561
0.1423187
0.1423529
0.1600657
0.1601001
0.1601032
0.1601079
0.1600674
0.1600973
0.1600997
0.1601045
0.1601083
0.1601094
0.1600624
0.1601003
0.1601052
0.1600938
0.1601065
0.1600624
0.1601083
0.1600975
0.1778905
0.1778718
0.177868
0.1778655
0.1778628
0.1778924
0.1778757
0.1778659
0.1778632
0.1778887
0.1778667
0.1778948
0.1778941
0.1778634
0.1778895
0.1778703
0.1778676
0.1466086
0.1306732
0.1304738
0.1302121
0.1439349
0.1440813
0.1440131
0.1441348
0.1441877
0.1297302
0.1444328
0.1247206
0.1247044
0.124713
0.1246816
0.1246942
0.1401957
0.1402137
0.1402263
0.1402289
0.1402033
0.1402220
0.1402146
0.1402273
0.1402309
0.1402325
0.1402316
0.1402367
0.1246364
0.1402416
0.1402473
0.1246861
0.1246624
0.1246779
0.1402009
0.1402034
0.1401855
0.1402079
0.1401783
0.1402053
0.1402114
0.1402124
0.1401959
0.1402147
0.1402178
0.1402187
0.1246429
0.1402406
0.1402411
0.1246578
0.1401783
0.1401810
0.1401874
0.1401904
0.1401831
0.1401896
0.1401546
0.1401612
0.1401961
0.1401982
0.1401985
0.1402016
0.1246192
0.1402194
0.1402200
0.1557199
0.1557212
0.1557201
0.1557238
0.1557156
0.1557327
0.1557311
0.1557313
0.1557261
0.1557293
0.1557284
0.1401398
0.1557545
0.1557534
0.1557449
0.1557407
0.1557282
0.1557395
0.1557513
0.1557372
0.1557366
0.1557501
0.1557422
0.1401580
0.1557565
0.1557563
0.1557224
0.1557383
0.1557339
0.1557471
0.1557379
0.1557293
0.1557340
0.1401491
0.1557564
0.1557547
0.1557679
0.155769
0.1557690
0.1557397
0.1557384
0.1557439
0.1557419
0.1557442
0.1557431
0.1557454
0.1401579
0.1557652
0.1557642
0.1557639
0.1557704
0.1557484
0.1557467
0.1557563
0.1401645
0.1557655
0.1557653
0.1557650
0.1401122
0.1558523
0.1466056
0.1306314
0.1304429
0.1304546
0.1304091
0.1304277
0.1301448
0.1438850
0.1439572
0.1440113
0.1440317
0.1439519
0.1440374
0.1439668
0.1440223
0.1441004
0.1441482
0.1441443
0.1441598
0.1296539
0.1444122
0.1444328
0.1247181
0.1247035
0.1247042
0.1247127
0.1247086
0.1246996
0.1246896
0.1246768
0.1401925
0.1402158
0.1401996
0.1402215
0.1402258
0.1402233
0.1401989
0.1402179
0.1402240
0.1402005
0.1402159
0.1402197
0.1402218
0.1402299
0.1402327
0.1402342
0.1402354
0.1402287
0.1402131
0.1402312
0.1402283
0.1246297
0.1402413
0.1402464
0.1402473
0.1246973
0.1246818
0.1246972
0.1246584
0.1401968
0.1401759
0.1402094
0.1402078
0.1402036
0.1401846
0.1402056
0.1402110
0.1402104
0.1401953
0.1402146
0.1402140
0.1246361
0.1402404
0.1402416
0.1246887
0.1246838
0.1246863
0.1246752
0.1246597
0.1401998
0.1402071
0.1402050
0.140183
0.1402070
0.1401854
0.1401769
0.1402097
0.1402031
0.1402049
0.1401843
0.1402065
0.1402180
0.1402209
0.1402185
0.1402194
0.1402160
0.1402114
0.1402153
0.1401964
0.1246360
0.1402410
0.1402414
0.1402411
0.1246944
0.1246546
0.1401983
0.1401995
0.1402012
0.1401793
0.1401994
0.1401801
0.1402048
0.1402053
0.1402083
0.1402101
0.1402099
0.1401923
0.1246386
0.1402399
0.1402406
0.1246737
0.1401941
0.1402027
0.1402031
0.1402078
0.1402115
0.140175
0.1401804
0.1402139
0.1402192
0.1402163
0.1402201
0.124608
0.1402294
0.1402200
0.1246500
0.1401757
0.1401773
0.1401794
0.1401834
0.1401819
0.1401847
0.1401834
0.1401824
0.140185
0.1401822
0.1401884
0.1401846
0.1401495
0.1401558
0.1401552
0.1401573
0.140194
0.1401939
0.1401946
0.1401966
0.1246154
0.1402187
0.1402180
0.1402194
0.1557203
0.1557156
0.1557162
0.1557192
0.1557178
0.1557217
0.1557183
0.1557286
0.1557271
0.1557261
0.1557264
0.1401334
0.1557534
0.1557534
0.1557323
0.1557201
0.1557234
0.1557226
0.1557165
0.1557235
0.1557364
0.1557187
0.1557246
0.1557209
0.1557219
0.1557352
0.1557432
0.1557339
0.1557355
0.1557423
0.1557299
0.1557341
0.1557317
0.1401418
0.1557538
0.1557549
0.1557545
0.1557387
0.1557336
0.1557282
0.1557237
0.1557380
0.1557331
0.1557357
0.1557445
0.1557385
0.1401488
0.1557546
0.1557563
0.1557423
0.1557233
0.1557349
0.1557423
0.1557227
0.1557237
0.1557292
0.1557385
0.1557373
0.1557407
0.1557473
0.1557500
0.1557388
0.1557345
0.1557489
0.1557391
0.1401517
0.1557550
0.1557552
0.1557565
0.1557257
0.1557348
0.1557259
0.1557296
0.155731
0.1557421
0.1401412
0.1557547
0.1557535
0.1557225
0.1557272
0.1557378
0.1557485
0.1557409
0.1557505
0.1401524
0.1557555
0.1557564
0.1557351
0.1557375
0.1557371
0.1557281
0.1557305
0.1557308
0.1557308
0.1557322
0.155734
0.1557324
0.1557330
0.1401385
0.1557604
0.1557599
0.1557639
0.1557401
0.1557315
0.1557341
0.1557358
0.155736
0.1557363
0.1557345
0.1557381
0.1557450
0.1401445
0.1557605
0.1557604
0.1557650
0.1557689
0.1557688
0.1557693
0.1557429
0.1557374
0.1557436
0.1557402
0.1401536
0.1557632
0.1557643
0.1557642
0.1557697
0.1557704
0.1557537
0.1557492
0.1557455
0.1401597
0.1557643
0.1557646
0.1557652
0.1557702
0.1557473
0.1557441
0.1401592
0.1557640
0.1557644
0.1557653
0.1557565
0.1401613
0.1557644
0.1557647
0.1557655
0.1401071
0.1401122
0.1558576
0.1558523
0.1466056
0.1306323
0.1304538
0.1304263
0.1304279
0.1301214
0.1301678
0.1439517
0.1440246
0.1439653
0.1438850
0.1440131
0.1440374
0.1439667
0.1440229
0.1441583
0.1441673
0.1441414
0.1440864
0.1296541
0.1444122
0.1444329
0.1247047
0.1247022
0.1247178
0.1247127
0.1247102
0.1246997
0.1246876
0.1246791
0.1401991
0.1402207
0.1402006
0.1402178
0.1402253
0.140219
0.1401926
0.1402220
0.1402240
0.1402005
0.1402199
0.1402159
0.1402219
0.1402338
0.1402344
0.1402355
0.1402362
0.1402282
0.1402117
0.1402298
0.1402243
0.1246296
0.1402414
0.1402464
0.1402473
0.1246856
0.1246878
0.1246954
0.1246862
0.1246567
0.1246777
0.1401766
0.1401844
0.1402027
0.1402032
0.1402086
0.1402075
0.1401999
0.1401831
0.1402097
0.1402032
0.1401842
0.1402048
0.1402063
0.1401978
0.1402157
0.1402149
0.1402172
0.140218
0.1402154
0.1402202
0.1402169
0.1246361
0.1402410
0.1402413
0.1402411
0.1246818
0.1246958
0.1246537
0.1246592
0.1401993
0.1401808
0.1401746
0.140204
0.1402058
0.1402016
0.1401975
0.1402053
0.1401824
0.1402042
0.1402069
0.1402063
0.1402096
0.1402125
0.1401953
0.1402139
0.1402130
0.1401925
0.1402079
0.1402112
0.1402089
0.1246374
0.1402399
0.1402404
0.1246716
0.1246757
0.1401989
0.1402072
0.1402034
0.1401941
0.1402033
0.1402115
0.140175
0.1401805
0.1402176
0.1402208
0.1402186
0.1402126
0.124608
0.1402294
0.1402200
0.1246500
0.1401767
0.1401791
0.1401776
0.140177
0.1401783
0.1401801
0.1401829
0.1401824
0.1401534
0.1401546
0.1401910
0.1401907
0.1246174
0.1402180
0.1402185
0.1401826
0.1401865
0.1401800
0.140175
0.1401896
0.1401846
0.1401841
0.1401906
0.1401999
0.1401976
0.1401582
0.1401513
0.1246132
0.1402187
0.1557349
0.1557250
0.1557166
0.1557213
0.1557161
0.1557192
0.1557339
0.1557233
0.1557255
0.1557348
0.1557192
0.1557236
0.1557422
0.1557348
0.1557335
0.1557332
0.1557315
0.1557315
0.1557298
0.1557264
0.1401411
0.1557546
0.1557534
0.1557547
0.1557372
0.1557283
0.1557227
0.1557167
0.1557379
0.1557409
0.1557239
0.1557381
0.1557222
0.1557276
0.1557479
0.1557495
0.1557411
0.1557419
0.1557464
0.1557335
0.1557374
0.1557323
0.1401507
0.1557552
0.1557549
0.1557563
0.1557191
0.1557201
0.1557224
0.1557378
0.1557251
0.1557239
0.1557184
0.1557217
0.1557353
0.1557450
0.1557338
0.1557357
0.1557439
0.1557347
0.1557346
0.1557304
0.1401428
0.1557550
0.1557538
0.1557156
0.1557178
0.1557217
0.1557182
0.1557252
0.1557260
0.1557275
0.1557291
0.1401333
0.1557535
0.1557534
0.1557282
0.1557238
0.1557383
0.1557471
0.1557407
0.1557340
0.1557293
0.1401491
0.1557547
0.1557564
0.1557225
0.1557272
0.1557423
0.1557505
0.1557485
0.1557364
0.1401524
0.1557555
0.1557375
0.1557351
0.1557371
0.1557326
0.1557321
0.1557319
0.1557314
0.1557315
0.1557330
0.1557308
0.1557286
0.1401384
0.1557604
0.1557599
0.1557639
0.1557402
0.1557462
0.1557389
0.1557392
0.1557381
0.1557344
0.155731
0.1557335
0.1557303
0.1401446
0.1557605
0.1557604
0.1557651
0.1557736
0.1557734
0.1557736
0.1557469
0.1557406
0.1557463
0.1557401
0.1401612
0.1557644
0.1557643
0.1557657
0.1557739
0.1557551
0.1557432
0.1557492
0.1557427
0.1401625
0.1557647
0.1557646
0.1557656
0.1557671
0.1557656
0.1401586
0.1557644
0.1557643
0.1557645
0.1401516
0.1557640
0.1557632
0.1401071
0.1401121
0.1558576
0.1558523
0.1424281
0.1270024
0.1269735
0.1267573
0.1267230
0.1267892
0.1264713
0.1398532
0.1398659
0.1400349
0.1400505
0.1399528
0.1399808
0.1399372
0.1400202
0.1400912
0.1400985
0.1401522
0.1401640
0.1265109
0.1400656
0.1400715
0.1401172
0.1209544
0.1209516
0.1209335
0.1209420
0.1209386
0.1209353
0.1209210
0.1209084
0.1359576
0.1359765
0.1359591
0.135991
0.1359949
0.1359924
0.1359680
0.1359857
0.1359881
0.1359659
0.1359810
0.1359871
0.1359894
0.1359970
0.1359974
0.1360023
0.1360032
0.1359928
0.1359812
0.1359991
0.1359964
0.1209104
0.1359777
0.1359892
0.1359896
0.1359924
0.1209389
0.1209272
0.1209421
0.1209056
0.1359729
0.1359560
0.1359908
0.1359895
0.1359830
0.1359681
0.1359815
0.1359895
0.1359897
0.1359788
0.1359954
0.1359948
0.1209098
0.1359875
0.1359757
0.1209113
0.1209074
0.1209149
0.1209003
0.1208848
0.1359583
0.1359618
0.1359594
0.1359468
0.1359700
0.1359488
0.1359377
0.1359647
0.1359669
0.1359619
0.1359636
0.1359449
0.1359676
0.1359785
0.1359790
0.1359804
0.1359811
0.1359736
0.1359722
0.1359771
0.1359585
0.1209048
0.1359749
0.1359764
0.1359767
0.1359775
0.1209233
0.1208812
0.1359561
0.1359655
0.1359442
0.1359614
0.1359367
0.1359641
0.1359668
0.1359699
0.1359696
0.1359731
0.1359555
0.120904
0.135974
0.1359727
0.1209039
0.1359619
0.1359719
0.1359761
0.1359659
0.1359740
0.1359398
0.1359488
0.1359801
0.1359822
0.1359836
0.1359870
0.1208919
0.1359725
0.1359742
0.135958
0.1208780
0.1359363
0.1359348
0.1359373
0.1359488
0.1359473
0.1359500
0.1359468
0.1359405
0.1359428
0.1359456
0.1359429
0.1359514
0.1359475
0.1359126
0.1359137
0.1359208
0.1359224
0.1359555
0.1359568
0.1359587
0.1359608
0.1208826
0.1359547
0.1359527
0.1359530
0.1510098
0.1510141
0.1510145
0.1510233
0.1510198
0.1510232
0.1510116
0.1510143
0.1510168
0.1510159
0.1510084
0.1510155
0.1510184
0.1510084
0.1510145
0.1510131
0.1510141
0.1510259
0.151027
0.1510261
0.1510271
0.1510256
0.1510204
0.1510255
0.1510236
0.1359379
0.1510201
0.1510241
0.1510250
0.1510414
0.1510354
0.1510261
0.1510223
0.1510392
0.1510338
0.1510339
0.1510464
0.1510404
0.1359565
0.1510288
0.1510287
0.1510338
0.1510442
0.1510248
0.1510364
0.1510403
0.1510213
0.1510221
0.1510302
0.1510397
0.1510376
0.1510382
0.1510488
0.1510508
0.1510360
0.1510349
0.1510498
0.1510408
0.1359585
0.1510292
0.1510298
0.1510304
0.1510162
0.1510189
0.1510212
0.1510157
0.1510348
0.1510226
0.1510246
0.1510253
0.1510300
0.1510311
0.1510298
0.1510325
0.1510348
0.1510425
0.1359476
0.1510283
0.151024
0.1510245
0.1510289
0.1510152
0.1510229
0.1510318
0.1510358
0.1510365
0.1510467
0.1359511
0.1510258
0.1510309
0.1510279
0.1510321
0.1510317
0.1510239
0.1510237
0.1510283
0.1510281
0.1510255
0.151029
0.1510296
0.1510304
0.1359423
0.1510294
0.1510262
0.1510259
0.1510378
0.1510367
0.1510300
0.15103
0.1510358
0.1510359
0.1510325
0.1510330
0.1510380
0.1510453
0.1359514
0.1510304
0.1510298
0.1510296
0.1510414
0.1510665
0.1510671
0.1510674
0.1510371
0.1510353
0.1510427
0.1510396
0.1359586
0.1510340
0.1510376
0.1510356
0.1510672
0.1510675
0.1510413
0.1510445
0.1510413
0.1359594
0.1510345
0.1510356
0.1510389
0.1510687
0.1510477
0.1510449
0.1359648
0.1510370
0.1510385
0.1510386
0.1510563
0.1359662
0.1510377
0.1510387
0.1510398
0.1359149
0.1359150
0.1359210
0.1510594
0.1510594
0.1510603
0.1424242
0.1269521
0.1266971
0.1267306
0.1263562
0.1398940
0.1399803
0.1397903
0.1399808
0.1398781
0.1399647
0.1401292
0.1264317
0.1400197
0.1400717
0.1209304
0.1209513
0.1209383
0.1209318
0.1209121
0.1359647
0.1359859
0.1359821
0.1359905
0.1359537
0.1359881
0.1359624
0.1359840
0.1359773
0.1359861
0.1360003
0.1360020
0.1209043
0.1359754
0.1359864
0.1359897
0.1209063
0.1209057
0.1209161
0.1209104
0.1208736
0.120922
0.1359329
0.1359427
0.1359587
0.1359600
0.1359667
0.1359634
0.1359428
0.1359669
0.1359575
0.1359406
0.1359590
0.1359632
0.135958
0.1359746
0.1359745
0.1359759
0.1359658
0.1359608
0.1359686
0.1359627
0.1208989
0.1359718
0.1359731
0.1359742
0.1359766
0.1208945
0.1209233
0.1359617
0.1359707
0.1359651
0.1359681
0.1359740
0.1359353
0.1359449
0.1359827
0.1359849
0.1359720
0.1359629
0.1208854
0.1359692
0.1359551
0.1359742
0.1359325
0.1359366
0.1359297
0.1359367
0.1359360
0.1359381
0.1359126
0.1208767
0.1359478
0.1359509
0.1510320
0.1510178
0.1510121
0.1510182
0.1510103
0.1510097
0.1510318
0.1510189
0.1510167
0.151031
0.1510114
0.1510188
0.1510403
0.1510322
0.1510318
0.1510308
0.1510179
0.1510153
0.1510157
0.1510095
0.1359415
0.1510248
0.1510208
0.1510256
0.1510245
0.1510261
0.1510098
0.1510365
0.1510176
0.1510351
0.151016
0.1510242
0.1510466
0.1510402
0.1359511
0.1510263
0.1510252
0.1510298
0.1510198
0.1510184
0.1510358
0.1510467
0.1510403
0.1510229
0.1510152
0.1359511
0.1510258
0.1510309
0.1510289
0.1510281
0.1510238
0.1510278
0.1510276
0.1510265
0.1510271
0.1510260
0.1510150
0.1510146
0.1510141
0.1510095
0.135936
0.1510261
0.1510231
0.1510345
0.1510259
0.1510330
0.1510440
0.1510364
0.1510372
0.1510356
0.1510213
0.1510201
0.1359456
0.1510274
0.1510269
0.1510383
0.1510297
0.1510734
0.1510734
0.1510733
0.1359635
0.1510363
0.1510359
0.1510405
0.1510397
0.135909
0.1359150
0.1510588
0.1510594
0.1510603
0.1424285
0.1270075
0.1269883
0.1267475
0.1269893
0.1267834
0.1267255
0.1268172
0.1264451
0.1264751
0.1398652
0.1399704
0.1399637
0.1399519
0.1400462
0.1399815
0.1398653
0.1399528
0.1400623
0.1399287
0.1399358
0.1399355
0.1400042
0.1401198
0.1401785
0.1401669
0.1401861
0.1401616
0.1400956
0.1401692
0.1401002
0.126517
0.140068
0.1400717
0.1401136
0.1400715
0.1209532
0.1209331
0.1209529
0.1209445
0.1209390
0.1209381
0.1209186
0.1209089
0.135959
0.1359847
0.1359694
0.1359855
0.1359947
0.1359883
0.1359590
0.1359857
0.1359938
0.1359649
0.1359810
0.1359808
0.1359882
0.1359996
0.1360029
0.1360038
0.1360053
0.1359975
0.1359817
0.1359997
0.1359931
0.1209110
0.1359779
0.1359897
0.1359922
0.1359896
0.1209312
0.1209578
0.1209341
0.1209369
0.1209363
0.1209039
0.1209194
0.1359569
0.1359681
0.1359825
0.1359826
0.1359905
0.1359882
0.1359768
0.1359659
0.1359920
0.1359787
0.1359637
0.1359841
0.1359824
0.1359972
0.1359962
0.1359993
0.1359996
0.1359957
0.1360020
0.1359971
0.1209109
0.1359884
0.1359766
0.1359911
0.1209391
0.1209223
0.1209053
0.1209281
0.1208802
0.1208835
0.1359561
0.1359378
0.1359369
0.1359665
0.1359702
0.1359653
0.1359581
0.1359647
0.1359483
0.1359633
0.1359638
0.1359657
0.1359704
0.1359733
0.1359596
0.1359775
0.1359775
0.1359577
0.1359713
0.1359762
0.1359724
0.1209048
0.1359740
0.1359742
0.1359786
0.1359757
0.1209348
0.1209291
0.1209364
0.1209166
0.1209072
0.1359768
0.1359873
0.1359851
0.135966
0.1359885
0.1359695
0.1359571
0.1359830
0.1359638
0.1359844
0.135999
0.1360030
0.1360004
0.1360017
0.1359974
0.1359912
0.1359965
0.1359803
0.1209109
0.1359912
0.1359767
0.1209100
0.1209198
0.1208841
0.1209031
0.1359612
0.1359695
0.1359709
0.1359403
0.1359510
0.1359676
0.1359614
0.1359405
0.1359753
0.1359456
0.1359765
0.1359819
0.1359629
0.1359810
0.1359853
0.1359810
0.1359837
0.1359800
0.1209056
0.1359788
0.1209261
0.1208776
0.1208813
0.1359583
0.1359625
0.1359619
0.1359599
0.1359433
0.1359362
0.1359561
0.1359614
0.1359454
0.1359618
0.1359655
0.1359718
0.1359748
0.1359741
0.1359577
0.1359736
0.1359701
0.1359557
0.1359697
0.1209045
0.1359772
0.1359727
0.1209041
0.1209069
0.1359614
0.1359731
0.1359726
0.1359679
0.1359781
0.1359741
0.1359614
0.1359680
0.1359826
0.1359411
0.135942
0.1359419
0.1359493
0.1359849
0.1359907
0.1359874
0.1359913
0.1359892
0.1359828
0.1359898
0.1359830
0.1208923
0.1359739
0.1359742
0.1359598
0.1359742
0.1208747
0.1359345
0.1359392
0.1359403
0.1359395
0.1359441
0.1359416
0.1359377
0.1359377
0.1359421
0.1359398
0.1359426
0.1359434
0.1359117
0.1359196
0.1359180
0.1359208
0.1359557
0.1359542
0.1359561
0.1359545
0.1208831
0.1359529
0.1359509
0.1359557
0.1359530
0.1359373
0.1359437
0.1359414
0.1359441
0.1359496
0.1359429
0.1359347
0.1359468
0.1359454
0.1359502
0.135959
0.1359601
0.135962
0.1359606
0.1359218
0.1359129
0.1359228
0.1359136
0.1208832
0.1359551
0.1359578
0.1510177
0.1510167
0.1510084
0.1510149
0.1510099
0.1510098
0.1510157
0.1510173
0.1510144
0.1510155
0.1510084
0.1510134
0.1510267
0.1510270
0.1510254
0.1510262
0.1510254
0.1510243
0.1510246
0.1510202
0.1359379
0.1510239
0.1510245
0.1510234
0.1510198
0.1510342
0.1510161
0.1510252
0.1510199
0.1510101
0.1510226
0.1510391
0.1510152
0.1510212
0.1510142
0.1510203
0.1510363
0.151046
0.1510362
0.1510383
0.1510442
0.1510300
0.1510355
0.1510294
0.1359499
0.1510257
0.1510298
0.1510283
0.1510250
0.1510151
0.1510239
0.1510198
0.1510159
0.1510162
0.1510387
0.1510196
0.1510152
0.1510188
0.1510317
0.1510449
0.1510338
0.1510365
0.1510444
0.1510334
0.1510361
0.1510307
0.1359490
0.1510289
0.1510256
0.1510278
0.1510351
0.1510245
0.1510156
0.1510298
0.1510248
0.1510210
0.1510324
0.1510301
0.1510334
0.1510416
0.1510355
0.1510307
0.1510263
0.151033
0.1510308
0.1359475
0.1510282
0.1510287
0.1510403
0.1510159
0.1510348
0.1510443
0.1510219
0.1510371
0.1510397
0.1510438
0.1510488
0.1510521
0.1510403
0.1510346
0.1510498
0.1510359
0.1359580
0.1510329
0.1510304
0.1510177
0.1510189
0.1510412
0.1510227
0.1510326
0.1510376
0.1510369
0.1510477
0.1510371
0.1510320
0.1510471
0.1510355
0.1359513
0.1510289
0.1510084
0.1510145
0.1510084
0.1510155
0.1510134
0.1510199
0.1510244
0.1510234
0.1510251
0.1510264
0.1510259
0.151027
0.1510266
0.1359379
0.151024
0.1510198
0.1510234
0.1510245
0.1510212
0.1510325
0.1510348
0.1510354
0.1510425
0.1510364
0.1510300
0.1510246
0.1510311
0.1510253
0.1359476
0.1510289
0.1510283
0.1510204
0.1510211
0.1510271
0.1510521
0.1510534
0.1510507
0.13596
0.1510306
0.1510309
0.1510330
0.1510259
0.1510259
0.1510288
0.1510252
0.1510288
0.1510283
0.1510288
0.1510362
0.151026
0.1510297
0.1510312
0.1510311
0.1510280
0.1510237
0.1510366
0.1510296
0.1510254
0.1510289
0.1510296
0.1510302
0.1510366
0.1510338
0.1510366
0.1510442
0.1510382
0.1510328
0.1510284
0.1510344
0.1510294
0.1510395
0.1510728
0.1510725
0.1510730
0.1510452
0.1510381
0.1510457
0.1510383
0.1359624
0.1510356
0.1510397
0.1510390
0.1510356
0.1510733
0.1510739
0.1510564
0.1510444
0.1510518
0.1510444
0.1359682
0.1510390
0.1510405
0.1510418
0.1510389
0.1510736
0.151048
0.1510412
0.1510494
0.1510419
0.1359669
0.1510378
0.1510417
0.1510386
0.1510518
0.1510448
0.1510583
0.1510455
0.1359692
0.151039
0.1510422
0.1510398
0.1510678
0.1510694
0.1510678
0.1359660
0.1510383
0.1510407
0.151068
0.151067
0.1359592
0.1510345
0.1510374
0.1510680
0.1359669
0.1510411
0.1359597
0.1510377
0.1359151
0.1359150
0.1359209
0.1359150
0.1510594
0.1510602
0.1510603
0.1510603
0.1465894
0.1302029
0.1304059
0.1302110
0.1299209
0.1437501
0.1438116
0.1438159
0.1439373
0.1438850
0.1439349
0.1246766
0.1246839
0.1246662
0.1246789
0.1246584
0.1246395
0.1401869
0.1401585
0.1401905
0.1401939
0.1401905
0.1401654
0.1401876
0.1402032
0.1401983
0.1402034
0.1401925
0.1401775
0.1401976
0.1401957
0.1246931
0.1246591
0.1401842
0.1402086
0.1402065
0.1402124
0.1401968
0.1402137
0.1246678
0.1246566
0.1246399
0.1401901
0.1401861
0.1401660
0.1401889
0.1401665
0.1401918
0.1401887
0.1402035
0.1401998
0.1402009
0.1402008
0.1401941
0.1401965
0.1401783
0.1246339
0.1401615
0.1401658
0.1401681
0.1401655
0.1401686
0.1401731
0.1401722
0.1401400
0.1401334
0.1401398
0.1401757
0.1401816
0.1401781
0.1401810
0.1557095
0.1557069
0.1557084
0.1557066
0.1557217
0.1557087
0.1557291
0.1557203
0.1557199
0.1557196
0.1557178
0.1557167
0.1557156
0.1557249
0.1557242
0.1557141
0.1557245
0.1557226
0.1557183
0.1557311
0.1557237
0.1557203
0.1557156
0.1557212
0.1557257
0.1557133
0.1557246
0.1557117
0.1557252
0.1557217
0.1557327
0.1557332
0.1557192
0.1557220
0.1557319
0.1557238
0.1557193
0.1557205
0.1557162
0.1557201
0.1557534
0.1557545
0.1557545
0.1557264
0.1557284
0.1557304
0.1557284
0.1557390
0.1557286
0.1557313
0.1557534
0.1557271
0.1557261
0.1557293
0.1465915
0.1302579
0.1302026
0.1302397
0.1304568
0.1302211
0.1302613
0.1299091
0.1299193
0.1302632
0.1438414
0.1438517
0.1438253
0.1437686
0.1438330
0.1437474
0.1437501
0.1438607
0.1438247
0.1439932
0.1439305
0.1439882
0.1439874
0.1439738
0.1439803
0.1439668
0.1438223
0.1438167
0.1438124
0.1437479
0.1299174
0.143969
0.1439237
0.1440864
0.1439667
0.1246707
0.1246723
0.1246912
0.1246826
0.1246846
0.1246552
0.1246587
0.1246722
0.1401714
0.1401945
0.1401695
0.1401918
0.1401982
0.1401892
0.1401615
0.1401982
0.1401940
0.1402076
0.1402038
0.1402093
0.1402078
0.1402064
0.1402094
0.140208
0.1401909
0.1401685
0.1401924
0.1401857
0.1246413
0.140184
0.1401983
0.1402117
0.1402005
0.1246665
0.1246948
0.1246638
0.1246785
0.1246382
0.1246358
0.1246813
0.1401646
0.1401661
0.1401873
0.1401847
0.1401893
0.1401862
0.1401842
0.1401673
0.1401888
0.1401805
0.1401960
0.1401986
0.1401798
0.1401966
0.1401971
0.1401974
0.1401891
0.1401894
0.1401911
0.1401870
0.1246534
0.1402015
0.1402003
0.1402079
0.1402032
0.1246985
0.1246785
0.1246718
0.1246579
0.1246395
0.1246728
0.1401914
0.1401704
0.1401672
0.1401916
0.1401931
0.1401863
0.1401869
0.1401953
0.1401671
0.1402066
0.1402051
0.1402085
0.1402011
0.1401824
0.1402020
0.1401993
0.1401667
0.1401888
0.1401867
0.1246570
0.1402044
0.1402038
0.1402154
0.1402042
0.1246884
0.1246926
0.1246594
0.1246742
0.1246906
0.1402111
0.1402145
0.1402097
0.1401885
0.1402085
0.1401859
0.1401861
0.1402130
0.1402100
0.1402206
0.1402188
0.1402249
0.1402238
0.1402225
0.1402216
0.1402091
0.1402062
0.1402061
0.1246580
0.1402163
0.1402024
0.1402243
0.1402159
0.1246704
0.1246377
0.1246375
0.1246832
0.140192
0.1401925
0.1401939
0.1401589
0.1401658
0.1401831
0.1401692
0.1401906
0.1401999
0.1401818
0.1401992
0.1401996
0.1401808
0.1401976
0.1401936
0.1401939
0.14019
0.1246551
0.1402050
0.1402006
0.1402089
0.1402048
0.1246580
0.1246417
0.1246753
0.1401985
0.1401964
0.1401942
0.1401887
0.140171
0.1401615
0.1401901
0.1401973
0.1401699
0.1402102
0.1402078
0.1402045
0.1402018
0.1402024
0.1401843
0.1401916
0.1401683
0.1246591
0.1402084
0.1402044
0.1402169
0.1402063
0.1246301
0.1246577
0.1401677
0.1401693
0.1401701
0.1401600
0.1401669
0.1401617
0.1401670
0.1401706
0.1401410
0.1401340
0.140141
0.1401796
0.1401814
0.1401787
0.1401806
0.1401703
0.1401689
0.1401690
0.1401617
0.1246104
0.1401751
0.1401708
0.1401513
0.140175
0.1246593
0.1401680
0.1401660
0.1401668
0.1401624
0.1401645
0.1401607
0.1401658
0.1401668
0.1401637
0.1401802
0.1401793
0.1401799
0.1401414
0.1401396
0.1401405
0.1401387
0.1401665
0.1401704
0.1401658
0.1401656
0.1246369
0.1401831
0.1401804
0.1401907
0.1401829
0.1401959
0.1401974
0.1401916
0.1401920
0.1401961
0.1401866
0.1402016
0.1401922
0.1402107
0.1402047
0.1402104
0.1402105
0.1402069
0.14021
0.1402065
0.1401695
0.1401682
0.1246419
0.1402012
0.1401986
0.1402126
0.1401841
0.1557295
0.1557250
0.1557100
0.1557140
0.1557066
0.1557203
0.1557296
0.1557144
0.1557368
0.1557234
0.1557277
0.1557367
0.1557274
0.1557272
0.1557252
0.1557152
0.1557239
0.1557119
0.1557080
0.1401685
0.155733
0.1557225
0.1557347
0.1557255
0.1557267
0.1557104
0.1557163
0.1557082
0.1557095
0.1557306
0.1557263
0.1557374
0.1557232
0.1557282
0.1557389
0.1557366
0.1557304
0.1557292
0.1557259
0.1557152
0.1557139
0.1557077
0.1401733
0.1557250
0.1557202
0.1557335
0.1557239
0.1557068
0.1557122
0.1557066
0.1557196
0.1557158
0.1557246
0.1557250
0.1557192
0.1557228
0.1557268
0.1557332
0.1557245
0.1557245
0.1557250
0.1557132
0.1557083
0.1401670
0.1557321
0.1557212
0.1557315
0.1557251
0.1557239
0.1557095
0.1557084
0.1557253
0.1557085
0.1557246
0.155733
0.1557228
0.1557205
0.1557318
0.1557215
0.1557066
0.1557068
0.1557080
0.1401640
0.1557194
0.1557206
0.1557304
0.1557192
0.1557201
0.1557066
0.1557286
0.1557240
0.1557275
0.1557356
0.1557293
0.1557281
0.1557365
0.1557341
0.1557130
0.1557109
0.1557229
0.1401718
0.1557216
0.1557197
0.1557323
0.1557222
0.1557069
0.1557099
0.1557192
0.1557189
0.1557201
0.1557195
0.1557194
0.1557205
0.1557274
0.1557078
0.1557187
0.140162
0.1557177
0.1557189
0.1557264
0.1557184
0.1557199
0.1557178
0.1557167
0.1557156
0.1557087
0.1401585
0.1557291
0.1557217
0.1557162
0.1557395
0.1557273
0.1557387
0.1557397
0.1557306
0.1557386
0.1557301
0.1557143
0.1557132
0.1557133
0.1557078
0.1401741
0.1557249
0.1557216
0.1557364
0.1557238
0.155724
0.1557187
0.1557235
0.1557284
0.1557347
0.1557278
0.1557335
0.1557249
0.1557232
0.1401711
0.1557219
0.1557182
0.1557293
0.1557225
0.1557618
0.1557627
0.1557458
0.1557373
0.1557396
0.1557363
0.1557236
0.1557235
0.1557220
0.1557188
0.1401781
0.1557383
0.1557360
0.1557656
0.1557375
0.1557333
0.1557300
0.1557186
0.1557196
0.1401719
0.1557355
0.1557645
0.1557351
0.1557396
0.1557362
0.1557447
0.1557364
0.1557222
0.1557222
0.1557225
0.1557191
0.1401777
0.1557375
0.1557360
0.1557656
0.1557371
0.1557612
0.1557614
0.1557609
0.1557258
0.1557226
0.1557239
0.1557164
0.1401845
0.1557335
0.1557296
0.1557432
0.1557326
0.1557609
0.1557606
0.1557330
0.1557246
0.1557164
0.1401835
0.1557323
0.1557283
0.1557406
0.1557321
0.1557608
0.1557242
0.1557210
0.1557242
0.1401840
0.1557322
0.1557294
0.1557427
0.1557319
0.1557249
0.1557310
0.1401830
0.1557311
0.1557281
0.1557401
0.1557314
0.1557229
0.1401667
0.1557250
0.1557209
0.155731
0.1557315
0.1401631
0.1557333
0.1557237
0.1557330
0.1401658
0.1557234
0.1557206
0.1557303
0.1557308
0.1401583
0.1557216
0.1557286
0.1401388
0.1401339
0.1401516
0.1401384
0.1557599
0.1557640
0.1557604
0.1557632
0.1557599
0.1557639
